# Created by Octave 8.3.0, Mon Mar 04 18:44:23 2024 GMT <unknown@DESKTOP-9F4LLFV>
# name: JK_array
# type: matrix
# rows: 1
# columns: 41
 -0.27567567567567564 -0.2725675675675675 -0.26945945945945943 -0.26635135135135124 -0.26324324324324322 -0.26013513513513509 -0.25702702702702696 -0.25391891891891888 -0.25081081081081075 -0.24598930481283418 -0.24210526315789471 -0.23834196891191711 -0.23469387755102036 -0.23115577889447236 -0.22772277227722768 -0.224390243902439 -0.22115384615384612 -0.21800947867298576 -0.21495327102803735 -0.21198156682027644 -0.20909090909090908 -0.20627802690582958 -0.20353982300884954 -0.20098253275109174 -0.20344827586206896 -0.20585106382978724 -0.2081932773109243 -0.21047717842323649 -0.21270491803278693 -0.2148785425101214 -0.21699999999999997 -0.21907114624505922 -0.22109374999999992 -0.22306949806949805 -0.22499999999999995 -0.22688679245283017 -0.22873134328358205 -0.23053505535055344 -0.2322992700729927 -0.23402527075812271 -0.23571428571428571


# name: JK_arrayP
# type: matrix
# rows: 1
# columns: 41
 0.36216216216216218 0.36371621621621625 0.36527027027027026 0.36682432432432438 0.36837837837837839 0.36993243243243246 0.37148648648648652 0.37304054054054059 0.37459459459459465 0.3770053475935829 0.37894736842105264 0.38082901554404147 0.38265306122448983 0.38442211055276382 0.38613861386138615 0.3878048780487805 0.38942307692307693 0.39099526066350709 0.39252336448598135 0.39400921658986177 0.39545454545454545 0.39686098654708524 0.39823008849557523 0.39950873362445416 0.39827586206896554 0.39707446808510638 0.39590336134453785 0.39476141078838178 0.39364754098360655 0.3925607287449393 0.39150000000000001 0.39046442687747041 0.38945312500000007 0.38846525096525097 0.38750000000000001 0.38655660377358492 0.38563432835820899 0.3847324723247233 0.38385036496350367 0.38298736462093863 0.38214285714285712


# name: JK_now
# type: scalar
-0.23571428571428571


# name: Kinv
# type: matrix
# rows: 1
# columns: 41
 0.49000000000000032 0.49549774887443743 0.50100100100100153 0.50650976464697062 0.5120240480961924 0.51754385964912297 0.52306920762286868 0.52860010035122929 0.53413654618473894 0.53967855349070848 0.54522613065326631 0.55077928607340387 0.5563380281690139 0.5619023653749371 0.56747230614300115 0.57142857142857184 0.57142857142857173 0.57142857142857173 0.57142857142857217 0.57142857142857117 0.57142857142857129 0.57142857142857151 0.57142857142857151 0.57142857142857184 0.57142857142857195 0.57142857142857184 0.57142857142857184 0.57142857142857173 0.57142857142857206 0.57142857142857173 0.57142857142857184 0.57142857142857117 0.57142857142857151 0.57142857142857162 0.57142857142857206 0.57142857142857184 0.56818181818181879 0.56488391376451086 0.56168300653594849 0.5585748792270534 0.55555555555555547


# name: OnesPgamma
# type: matrix
# rows: 15
# columns: 1
 1
 1
 1
 1
 1
 1
 1
 1
 1
 1
 1
 1
 1
 1
 1


# name: OnesPgammaCompton
# type: matrix
# rows: 12
# columns: 1
 1
 1
 1
 1
 1
 1
 1
 1
 1
 1
 1
 1


# name: Oskorbin_ind
# type: lazy_index
# name: index_value
# type: matrix
# rows: 1
# columns: 21
 16 17 18 19 20 21 22 23 24 25 26 27 28 29 30 31 32 33 34 35 36




# name: OxfordBlue
# type: matrix
# rows: 1
# columns: 3
 0 0.33000000000000002 0.70999999999999996


# name: Pantone
# type: matrix
# rows: 1
# columns: 3
 0.38400000000000001 0.42000000000000004 0.10799999999999998


# name: PgammaBG
# type: matrix
# rows: 15
# columns: 1
 4.2000000000000002
 -3.2000000000000002
 12.1
 12.4
 9.4000000000000004
 1
 -0.59999999999999998
 3.8999999999999999
 10.300000000000001
 -4.7999999999999998
 4.5999999999999996
 -5.7000000000000002
 13
 8.4000000000000004
 10.6


# name: PgammaBGMeanW
# type: scalar
5.3617391410012845


# name: PgammaBGStat
# type: matrix
# rows: 15
# columns: 1
 6.7000000000000002
 4.7999999999999998
 9
 7.2000000000000002
 5.0999999999999996
 12.4
 6.0999999999999996
 4.2999999999999998
 10
 10.6
 4.2000000000000002
 4.5999999999999996
 3
 4.5999999999999996
 5.5


# name: PgammaCompton
# type: matrix
# rows: 12
# columns: 1
 -3.1000000000000001
 -0.20000000000000001
 -4
 -2.1000000000000001
 -3.7000000000000002
 -1.7
 -5.7000000000000002
 -2.7999999999999998
 -8
 -2.1000000000000001
 -3.6000000000000001
 -7.2000000000000002


# name: PgammaComptonMeanW
# type: scalar
-3.5594559448800878


# name: PgammaComptonStat
# type: matrix
# rows: 12
# columns: 1
 2.7000000000000002
 2.1000000000000001
 2.1000000000000001
 2.5
 1.8999999999999999
 3.7000000000000002
 2.7999999999999998
 1.8999999999999999
 4
 3.8999999999999999
 2.6000000000000001
 2.5


# name: PgammaComptonStd
# type: class
# classname: infsupdec
# length: 2
# name: dec
# type: cell
# rows: 1
# columns: 1
# name: <cell-element>
# type: uint8 matrix
# ndims: 2
 12 1
 16
 16
 16
 16
 16
 16
 16
 16
 16
 16
 16
 16





# name: infsup
# type: cell
# rows: 1
# columns: 1
# name: <cell-element>
# type: class
# classname: infsup
# length: 2
# name: inf
# type: cell
# rows: 1
# columns: 1
# name: <cell-element>
# type: matrix
# rows: 12
# columns: 1
 -5.8000000000000007
 -2.3000000000000003
 -6.1000000000000005
 -4.6000000000000005
 -5.6000000000000005
 -5.4000000000000004
 -8.5
 -4.7000000000000002
 -12
 -6
 -6.2000000000000002
 -9.7000000000000011





# name: sup
# type: cell
# rows: 1
# columns: 1
# name: <cell-element>
# type: matrix
# rows: 12
# columns: 1
 -0.39999999999999991
 1.9000000000000001
 -1.8999999999999999
 0.39999999999999991
 -1.8000000000000003
 2.0000000000000004
 -2.9000000000000004
 -0.89999999999999991
 -4
 1.7999999999999998
 -1
 -4.7000000000000002












# name: PgammaPh
# type: matrix
# rows: 15
# columns: 1
 -4.4000000000000004
 -3.3999999999999999
 -6.9000000000000004
 -1.2
 -1
 -10.800000000000001
 -10.199999999999999
 -6.2999999999999998
 -10.4
 0.59999999999999998
 -1.8
 -6.5999999999999996
 -4.9000000000000004
 -6
 -4


# name: PgammaPhStat
# type: matrix
# rows: 15
# columns: 1
 2.7000000000000002
 1.8999999999999999
 2.3999999999999999
 2.3999999999999999
 2.7000000000000002
 3.5
 2.7999999999999998
 2
 4.0999999999999996
 3.3999999999999999
 2
 2.1000000000000001
 2.1000000000000001
 2.3999999999999999
 2.7000000000000002


# name: PgammaStd
# type: class
# classname: infsupdec
# length: 2
# name: dec
# type: cell
# rows: 1
# columns: 1
# name: <cell-element>
# type: uint8 matrix
# ndims: 2
 15 1
 16
 16
 16
 16
 16
 16
 16
 16
 16
 16
 16
 16
 16
 16
 16





# name: infsup
# type: cell
# rows: 1
# columns: 1
# name: <cell-element>
# type: class
# classname: infsup
# length: 2
# name: inf
# type: cell
# rows: 1
# columns: 1
# name: <cell-element>
# type: matrix
# rows: 15
# columns: 1
 -7.1000000000000005
 -5.2999999999999998
 -9.3000000000000007
 -3.6000000000000001
 -3.7000000000000002
 -14.300000000000001
 -13
 -8.3000000000000007
 -14.5
 -2.8000000000000003
 -3.8000000000000003
 -8.7000000000000011
 -7.0000000000000009
 -8.4000000000000004
 -6.7000000000000002





# name: sup
# type: cell
# rows: 1
# columns: 1
# name: <cell-element>
# type: matrix
# rows: 15
# columns: 1
 -1.7000000000000002
 -1.5
 -4.5
 1.2
 1.7000000000000002
 -7.3000000000000007
 -7.3999999999999995
 -4.2999999999999998
 -6.3000000000000007
 4
 0.19999999999999996
 -4.4999999999999991
 -2.8000000000000003
 -3.6000000000000001
 -1.2999999999999998












# name: RoyalMail
# type: matrix
# rows: 1
# columns: 3
 0.99843999999999999 0.14656 0.19236


